Taxa de falhas (1000 usuarios):
spawn 1: 
texto-400kb: 0.047423582688836105 || 4%
imagem-300kb: 0.020898527964571843 || 2%
imagem-1000kb: 0.1125305351938484 || 11%

spawn 2: 
texto-400kb: 0.0017942212897609547 || 0,1%
imagem-300kb: 0.0035884425795219095 || 0,3%
imagem-1000kb: 0.01614799160784859 || 1,6%

spawn 3: 
texto-400kb: 0.15667769000274429 || 15%
imagem-300kb: 0.0699453973226537 || 6%
imagem-1000kb: 0.38749750116750153 || 38%